2.400000000000000000e+01
2.500000000000000000e+01
2.600000000000000000e+01
2.700000000000000000e+01
3.300000000000000000e+01
3.400000000000000000e+01
3.700000000000000000e+01
3.800000000000000000e+01
4.300000000000000000e+01
4.800000000000000000e+01
5.300000000000000000e+01
5.800000000000000000e+01
6.300000000000000000e+01
6.400000000000000000e+01
6.700000000000000000e+01
6.800000000000000000e+01
7.400000000000000000e+01
7.500000000000000000e+01
7.600000000000000000e+01
7.700000000000000000e+01
3.500000000000000000e+01
3.600000000000000000e+01
4.400000000000000000e+01
4.500000000000000000e+01
4.600000000000000000e+01
4.700000000000000000e+01
5.400000000000000000e+01
5.500000000000000000e+01
5.600000000000000000e+01
5.700000000000000000e+01
6.500000000000000000e+01
6.600000000000000000e+01
