100
1
0
1
12
11
2
1
2
13
12
3
2
3
14
13
4
3
4
15
14
5
4
5
16
15
6
5
6
17
16
7
6
7
18
17
8
7
8
19
18
9
8
9
20
19
10
9
10
21
20
11
11
12
23
22
12
12
13
24
23
13
13
14
25
24
14
14
15
26
25
15
15
16
27
26
16
16
17
28
27
17
17
18
29
28
18
18
19
30
29
19
19
20
31
30
20
20
21
32
31
21
22
23
34
33
22
23
24
35
34
23
24
25
36
35
24
25
26
37
36
25
26
27
38
37
26
27
28
39
38
27
28
29
40
39
28
29
30
41
40
29
30
31
42
41
30
31
32
43
42
31
33
34
45
44
32
34
35
46
45
33
35
36
47
46
34
36
37
48
47
35
37
38
49
48
36
38
39
50
49
37
39
40
51
50
38
40
41
52
51
39
41
42
53
52
40
42
43
54
53
41
44
45
56
55
42
45
46
57
56
43
46
47
58
57
44
47
48
59
58
45
48
49
60
59
46
49
50
61
60
47
50
51
62
61
48
51
52
63
62
49
52
53
64
63
50
53
54
65
64
51
55
56
67
66
52
56
57
68
67
53
57
58
69
68
54
58
59
70
69
55
59
60
71
70
56
60
61
72
71
57
61
62
73
72
58
62
63
74
73
59
63
64
75
74
60
64
65
76
75
61
66
67
78
77
62
67
68
79
78
63
68
69
80
79
64
69
70
81
80
65
70
71
82
81
66
71
72
83
82
67
72
73
84
83
68
73
74
85
84
69
74
75
86
85
70
75
76
87
86
71
77
78
89
88
72
78
79
90
89
73
79
80
91
90
74
80
81
92
91
75
81
82
93
92
76
82
83
94
93
77
83
84
95
94
78
84
85
96
95
79
85
86
97
96
80
86
87
98
97
81
88
89
100
99
82
89
90
101
100
83
90
91
102
101
84
91
92
103
102
85
92
93
104
103
86
93
94
105
104
87
94
95
106
105
88
95
96
107
106
89
96
97
108
107
90
97
98
109
108
91
99
100
111
110
92
100
101
112
111
93
101
102
113
112
94
102
103
114
113
95
103
104
115
114
96
104
105
116
115
97
105
106
117
116
98
106
107
118
117
99
107
108
119
118
100
108
109
120
119
