121
1
0.0
0.0
2
3.0
0.0
3
6.0
0.0
4
9.0
0.0
5
12.0
0.0
6
15.0
0.0
7
18.0
0.0
8
21.0
0.0
9
24.0
0.0
10
27.0
0.0
11
30.0
0.0
12
0.0
3.0
13
3.0
3.0
14
6.0
3.0
15
9.0
3.0
16
12.0
3.0
17
15.0
3.0
18
18.0
3.0
19
21.0
3.0
20
24.0
3.0
21
27.0
3.0
22
30.0
3.0
23
0.0
6.0
24
3.0
6.0
25
6.0
6.0
26
9.0
6.0
27
12.0
6.0
28
15.0
6.0
29
18.0
6.0
30
21.0
6.0
31
24.0
6.0
32
27.0
6.0
33
30.0
6.0
34
0.0
9.0
35
3.0
9.0
36
6.0
9.0
37
9.0
9.0
38
12.0
9.0
39
15.0
9.0
40
18.0
9.0
41
21.0
9.0
42
24.0
9.0
43
27.0
9.0
44
30.0
9.0
45
0.0
12.0
46
3.0
12.0
47
6.0
12.0
48
9.0
12.0
49
12.0
12.0
50
15.0
12.0
51
18.0
12.0
52
21.0
12.0
53
24.0
12.0
54
27.0
12.0
55
30.0
12.0
56
0.0
15.0
57
3.0
15.0
58
6.0
15.0
59
9.0
15.0
60
12.0
15.0
61
15.0
15.0
62
18.0
15.0
63
21.0
15.0
64
24.0
15.0
65
27.0
15.0
66
30.0
15.0
67
0.0
18.0
68
3.0
18.0
69
6.0
18.0
70
9.0
18.0
71
12.0
18.0
72
15.0
18.0
73
18.0
18.0
74
21.0
18.0
75
24.0
18.0
76
27.0
18.0
77
30.0
18.0
78
0.0
21.0
79
3.0
21.0
80
6.0
21.0
81
9.0
21.0
82
12.0
21.0
83
15.0
21.0
84
18.0
21.0
85
21.0
21.0
86
24.0
21.0
87
27.0
21.0
88
30.0
21.0
89
0.0
24.0
90
3.0
24.0
91
6.0
24.0
92
9.0
24.0
93
12.0
24.0
94
15.0
24.0
95
18.0
24.0
96
21.0
24.0
97
24.0
24.0
98
27.0
24.0
99
30.0
24.0
100
0.0
27.0
101
3.0
27.0
102
6.0
27.0
103
9.0
27.0
104
12.0
27.0
105
15.0
27.0
106
18.0
27.0
107
21.0
27.0
108
24.0
27.0
109
27.0
27.0
110
30.0
27.0
111
0.0
30.0
112
3.0
30.0
113
6.0
30.0
114
9.0
30.0
115
12.0
30.0
116
15.0
30.0
117
18.0
30.0
118
21.0
30.0
119
24.0
30.0
120
27.0
30.0
121
30.0
30.0
