2.247298049926757812e+01 1.436396026611328125e+01 0.000000000000000000e+00
3.000000000000000000e+01 0.000000000000000000e+00 0.000000000000000000e+00
2.250000000000000000e+01 1.500000000000000000e+01 0.000000000000000000e+00
2.250000000000000000e+01 1.500000000000000000e+01 0.000000000000000000e+00
3.000000000000000000e+01 0.000000000000000000e+00 0.000000000000000000e+00
3.000000000000000000e+01 3.000000000000000000e+01 0.000000000000000000e+00
2.250000000000000000e+01 1.500000000000000000e+01 0.000000000000000000e+00
3.000000000000000000e+01 3.000000000000000000e+01 0.000000000000000000e+00
2.247298049926757812e+01 1.563603973388671875e+01 0.000000000000000000e+00
2.247298049926757812e+01 1.563603973388671875e+01 0.000000000000000000e+00
3.000000000000000000e+01 3.000000000000000000e+01 0.000000000000000000e+00
2.239212036132812500e+01 1.626750946044921875e+01 0.000000000000000000e+00
2.239212036132812500e+01 1.626750946044921875e+01 0.000000000000000000e+00
3.000000000000000000e+01 3.000000000000000000e+01 0.000000000000000000e+00
2.225799942016601562e+01 1.688983917236328125e+01 0.000000000000000000e+00
2.225799942016601562e+01 1.688983917236328125e+01 0.000000000000000000e+00
3.000000000000000000e+01 3.000000000000000000e+01 0.000000000000000000e+00
2.207158088684082031e+01 1.749855041503906250e+01 0.000000000000000000e+00
2.207158088684082031e+01 1.749855041503906250e+01 0.000000000000000000e+00
3.000000000000000000e+01 3.000000000000000000e+01 0.000000000000000000e+00
2.183420944213867188e+01 1.808926010131835938e+01 0.000000000000000000e+00
2.183420944213867188e+01 1.808926010131835938e+01 0.000000000000000000e+00
3.000000000000000000e+01 3.000000000000000000e+01 0.000000000000000000e+00
2.154760932922363281e+01 1.865770912170410156e+01 0.000000000000000000e+00
2.154760932922363281e+01 1.865770912170410156e+01 0.000000000000000000e+00
3.000000000000000000e+01 3.000000000000000000e+01 0.000000000000000000e+00
2.121381950378417969e+01 1.919981002807617188e+01 0.000000000000000000e+00
2.121381950378417969e+01 1.919981002807617188e+01 0.000000000000000000e+00
3.000000000000000000e+01 3.000000000000000000e+01 0.000000000000000000e+00
2.083526992797851562e+01 1.971165084838867188e+01 0.000000000000000000e+00
2.083526992797851562e+01 1.971165084838867188e+01 0.000000000000000000e+00
3.000000000000000000e+01 3.000000000000000000e+01 0.000000000000000000e+00
2.041467094421386719e+01 2.018954086303710938e+01 0.000000000000000000e+00
2.041467094421386719e+01 2.018954086303710938e+01 0.000000000000000000e+00
3.000000000000000000e+01 3.000000000000000000e+01 0.000000000000000000e+00
1.995505905151367188e+01 2.063003921508789062e+01 0.000000000000000000e+00
1.995505905151367188e+01 2.063003921508789062e+01 0.000000000000000000e+00
3.000000000000000000e+01 3.000000000000000000e+01 0.000000000000000000e+00
1.945974922180175781e+01 2.102997970581054688e+01 0.000000000000000000e+00
1.945974922180175781e+01 2.102997970581054688e+01 0.000000000000000000e+00
3.000000000000000000e+01 3.000000000000000000e+01 0.000000000000000000e+00
1.893230056762695312e+01 2.138647079467773438e+01 0.000000000000000000e+00
1.893230056762695312e+01 2.138647079467773438e+01 0.000000000000000000e+00
3.000000000000000000e+01 3.000000000000000000e+01 0.000000000000000000e+00
1.837652969360351562e+01 2.169693946838378906e+01 0.000000000000000000e+00
1.837652969360351562e+01 2.169693946838378906e+01 0.000000000000000000e+00
3.000000000000000000e+01 3.000000000000000000e+01 0.000000000000000000e+00
1.779641914367675781e+01 2.195916938781738281e+01 0.000000000000000000e+00
1.779641914367675781e+01 2.195916938781738281e+01 0.000000000000000000e+00
3.000000000000000000e+01 3.000000000000000000e+01 0.000000000000000000e+00
1.719617080688476562e+01 2.217124938964843750e+01 0.000000000000000000e+00
1.719617080688476562e+01 2.217124938964843750e+01 0.000000000000000000e+00
3.000000000000000000e+01 3.000000000000000000e+01 0.000000000000000000e+00
1.658008956909179688e+01 2.233165931701660156e+01 0.000000000000000000e+00
1.658008956909179688e+01 2.233165931701660156e+01 0.000000000000000000e+00
3.000000000000000000e+01 3.000000000000000000e+01 0.000000000000000000e+00
1.595263004302978516e+01 2.243925094604492188e+01 0.000000000000000000e+00
1.595263004302978516e+01 2.243925094604492188e+01 0.000000000000000000e+00
3.000000000000000000e+01 3.000000000000000000e+01 0.000000000000000000e+00
1.531830978393554688e+01 2.249324035644531250e+01 0.000000000000000000e+00
1.531830978393554688e+01 2.249324035644531250e+01 0.000000000000000000e+00
3.000000000000000000e+01 3.000000000000000000e+01 0.000000000000000000e+00
0.000000000000000000e+00 3.000000000000000000e+01 0.000000000000000000e+00
1.531830978393554688e+01 2.249324035644531250e+01 0.000000000000000000e+00
0.000000000000000000e+00 3.000000000000000000e+01 0.000000000000000000e+00
1.468169021606445312e+01 2.249324035644531250e+01 0.000000000000000000e+00
1.468169021606445312e+01 2.249324035644531250e+01 0.000000000000000000e+00
0.000000000000000000e+00 3.000000000000000000e+01 0.000000000000000000e+00
1.404736995697021484e+01 2.243925094604492188e+01 0.000000000000000000e+00
1.404736995697021484e+01 2.243925094604492188e+01 0.000000000000000000e+00
0.000000000000000000e+00 3.000000000000000000e+01 0.000000000000000000e+00
1.341991043090820312e+01 2.233165931701660156e+01 0.000000000000000000e+00
1.341991043090820312e+01 2.233165931701660156e+01 0.000000000000000000e+00
0.000000000000000000e+00 3.000000000000000000e+01 0.000000000000000000e+00
1.280383014678955078e+01 2.217124938964843750e+01 0.000000000000000000e+00
1.280383014678955078e+01 2.217124938964843750e+01 0.000000000000000000e+00
0.000000000000000000e+00 3.000000000000000000e+01 0.000000000000000000e+00
1.220357990264892578e+01 2.195916938781738281e+01 0.000000000000000000e+00
1.220357990264892578e+01 2.195916938781738281e+01 0.000000000000000000e+00
0.000000000000000000e+00 3.000000000000000000e+01 0.000000000000000000e+00
1.162347030639648438e+01 2.169693946838378906e+01 0.000000000000000000e+00
1.162347030639648438e+01 2.169693946838378906e+01 0.000000000000000000e+00
0.000000000000000000e+00 3.000000000000000000e+01 0.000000000000000000e+00
1.106770038604736328e+01 2.138647079467773438e+01 0.000000000000000000e+00
1.106770038604736328e+01 2.138647079467773438e+01 0.000000000000000000e+00
0.000000000000000000e+00 3.000000000000000000e+01 0.000000000000000000e+00
1.054024982452392578e+01 2.102997970581054688e+01 0.000000000000000000e+00
1.054024982452392578e+01 2.102997970581054688e+01 0.000000000000000000e+00
0.000000000000000000e+00 3.000000000000000000e+01 0.000000000000000000e+00
1.004493999481201172e+01 2.063003921508789062e+01 0.000000000000000000e+00
1.004493999481201172e+01 2.063003921508789062e+01 0.000000000000000000e+00
0.000000000000000000e+00 3.000000000000000000e+01 0.000000000000000000e+00
9.585329055786132812e+00 2.018954086303710938e+01 0.000000000000000000e+00
9.585329055786132812e+00 2.018954086303710938e+01 0.000000000000000000e+00
0.000000000000000000e+00 3.000000000000000000e+01 0.000000000000000000e+00
9.164731979370117188e+00 1.971165084838867188e+01 0.000000000000000000e+00
9.164731979370117188e+00 1.971165084838867188e+01 0.000000000000000000e+00
0.000000000000000000e+00 3.000000000000000000e+01 0.000000000000000000e+00
8.786177635192871094e+00 1.919981002807617188e+01 0.000000000000000000e+00
8.786177635192871094e+00 1.919981002807617188e+01 0.000000000000000000e+00
0.000000000000000000e+00 3.000000000000000000e+01 0.000000000000000000e+00
8.452393531799316406e+00 1.865770912170410156e+01 0.000000000000000000e+00
8.452393531799316406e+00 1.865770912170410156e+01 0.000000000000000000e+00
0.000000000000000000e+00 3.000000000000000000e+01 0.000000000000000000e+00
8.165785789489746094e+00 1.808926010131835938e+01 0.000000000000000000e+00
8.165785789489746094e+00 1.808926010131835938e+01 0.000000000000000000e+00
0.000000000000000000e+00 3.000000000000000000e+01 0.000000000000000000e+00
7.928419113159179688e+00 1.749855041503906250e+01 0.000000000000000000e+00
7.928419113159179688e+00 1.749855041503906250e+01 0.000000000000000000e+00
0.000000000000000000e+00 3.000000000000000000e+01 0.000000000000000000e+00
7.742002964019775391e+00 1.688983917236328125e+01 0.000000000000000000e+00
7.742002964019775391e+00 1.688983917236328125e+01 0.000000000000000000e+00
0.000000000000000000e+00 3.000000000000000000e+01 0.000000000000000000e+00
7.607881069183349609e+00 1.626750946044921875e+01 0.000000000000000000e+00
7.607881069183349609e+00 1.626750946044921875e+01 0.000000000000000000e+00
0.000000000000000000e+00 3.000000000000000000e+01 0.000000000000000000e+00
7.527019023895263672e+00 1.563603973388671875e+01 0.000000000000000000e+00
7.527019023895263672e+00 1.563603973388671875e+01 0.000000000000000000e+00
0.000000000000000000e+00 3.000000000000000000e+01 0.000000000000000000e+00
7.500000000000000000e+00 1.500000000000000000e+01 0.000000000000000000e+00
7.500000000000000000e+00 1.500000000000000000e+01 0.000000000000000000e+00
0.000000000000000000e+00 3.000000000000000000e+01 0.000000000000000000e+00
0.000000000000000000e+00 0.000000000000000000e+00 0.000000000000000000e+00
7.500000000000000000e+00 1.500000000000000000e+01 0.000000000000000000e+00
0.000000000000000000e+00 0.000000000000000000e+00 0.000000000000000000e+00
7.527019023895263672e+00 1.436396026611328125e+01 0.000000000000000000e+00
7.527019023895263672e+00 1.436396026611328125e+01 0.000000000000000000e+00
0.000000000000000000e+00 0.000000000000000000e+00 0.000000000000000000e+00
7.607881069183349609e+00 1.373248958587646484e+01 0.000000000000000000e+00
7.607881069183349609e+00 1.373248958587646484e+01 0.000000000000000000e+00
0.000000000000000000e+00 0.000000000000000000e+00 0.000000000000000000e+00
7.742002964019775391e+00 1.311015987396240234e+01 0.000000000000000000e+00
7.742002964019775391e+00 1.311015987396240234e+01 0.000000000000000000e+00
0.000000000000000000e+00 0.000000000000000000e+00 0.000000000000000000e+00
7.928419113159179688e+00 1.250144958496093750e+01 0.000000000000000000e+00
7.928419113159179688e+00 1.250144958496093750e+01 0.000000000000000000e+00
0.000000000000000000e+00 0.000000000000000000e+00 0.000000000000000000e+00
8.165785789489746094e+00 1.191073989868164062e+01 0.000000000000000000e+00
8.165785789489746094e+00 1.191073989868164062e+01 0.000000000000000000e+00
0.000000000000000000e+00 0.000000000000000000e+00 0.000000000000000000e+00
8.452393531799316406e+00 1.134228992462158203e+01 0.000000000000000000e+00
8.452393531799316406e+00 1.134228992462158203e+01 0.000000000000000000e+00
0.000000000000000000e+00 0.000000000000000000e+00 0.000000000000000000e+00
8.786177635192871094e+00 1.080018997192382812e+01 0.000000000000000000e+00
8.786177635192871094e+00 1.080018997192382812e+01 0.000000000000000000e+00
0.000000000000000000e+00 0.000000000000000000e+00 0.000000000000000000e+00
9.164731979370117188e+00 1.028835010528564453e+01 0.000000000000000000e+00
9.164731979370117188e+00 1.028835010528564453e+01 0.000000000000000000e+00
0.000000000000000000e+00 0.000000000000000000e+00 0.000000000000000000e+00
9.585329055786132812e+00 9.810458183288574219e+00 0.000000000000000000e+00
9.585329055786132812e+00 9.810458183288574219e+00 0.000000000000000000e+00
0.000000000000000000e+00 0.000000000000000000e+00 0.000000000000000000e+00
1.004493999481201172e+01 9.369957923889160156e+00 0.000000000000000000e+00
1.004493999481201172e+01 9.369957923889160156e+00 0.000000000000000000e+00
0.000000000000000000e+00 0.000000000000000000e+00 0.000000000000000000e+00
1.054024982452392578e+01 8.970022201538085938e+00 0.000000000000000000e+00
1.054024982452392578e+01 8.970022201538085938e+00 0.000000000000000000e+00
0.000000000000000000e+00 0.000000000000000000e+00 0.000000000000000000e+00
1.106770038604736328e+01 8.613531112670898438e+00 0.000000000000000000e+00
1.106770038604736328e+01 8.613531112670898438e+00 0.000000000000000000e+00
0.000000000000000000e+00 0.000000000000000000e+00 0.000000000000000000e+00
1.162347030639648438e+01 8.303055763244628906e+00 0.000000000000000000e+00
1.162347030639648438e+01 8.303055763244628906e+00 0.000000000000000000e+00
0.000000000000000000e+00 0.000000000000000000e+00 0.000000000000000000e+00
1.220357990264892578e+01 8.040831565856933594e+00 0.000000000000000000e+00
1.220357990264892578e+01 8.040831565856933594e+00 0.000000000000000000e+00
0.000000000000000000e+00 0.000000000000000000e+00 0.000000000000000000e+00
1.280383014678955078e+01 7.828749179840087891e+00 0.000000000000000000e+00
1.280383014678955078e+01 7.828749179840087891e+00 0.000000000000000000e+00
0.000000000000000000e+00 0.000000000000000000e+00 0.000000000000000000e+00
1.341991043090820312e+01 7.668335914611816406e+00 0.000000000000000000e+00
1.341991043090820312e+01 7.668335914611816406e+00 0.000000000000000000e+00
0.000000000000000000e+00 0.000000000000000000e+00 0.000000000000000000e+00
1.404736995697021484e+01 7.560747146606445312e+00 0.000000000000000000e+00
1.404736995697021484e+01 7.560747146606445312e+00 0.000000000000000000e+00
0.000000000000000000e+00 0.000000000000000000e+00 0.000000000000000000e+00
1.468169021606445312e+01 7.506758213043212891e+00 0.000000000000000000e+00
1.468169021606445312e+01 7.506758213043212891e+00 0.000000000000000000e+00
0.000000000000000000e+00 0.000000000000000000e+00 0.000000000000000000e+00
3.000000000000000000e+01 0.000000000000000000e+00 0.000000000000000000e+00
1.468169021606445312e+01 7.506758213043212891e+00 0.000000000000000000e+00
3.000000000000000000e+01 0.000000000000000000e+00 0.000000000000000000e+00
1.531830978393554688e+01 7.506758213043212891e+00 0.000000000000000000e+00
1.531830978393554688e+01 7.506758213043212891e+00 0.000000000000000000e+00
3.000000000000000000e+01 0.000000000000000000e+00 0.000000000000000000e+00
1.595263004302978516e+01 7.560747146606445312e+00 0.000000000000000000e+00
1.595263004302978516e+01 7.560747146606445312e+00 0.000000000000000000e+00
3.000000000000000000e+01 0.000000000000000000e+00 0.000000000000000000e+00
1.658008956909179688e+01 7.668335914611816406e+00 0.000000000000000000e+00
1.658008956909179688e+01 7.668335914611816406e+00 0.000000000000000000e+00
3.000000000000000000e+01 0.000000000000000000e+00 0.000000000000000000e+00
1.719617080688476562e+01 7.828749179840087891e+00 0.000000000000000000e+00
1.719617080688476562e+01 7.828749179840087891e+00 0.000000000000000000e+00
3.000000000000000000e+01 0.000000000000000000e+00 0.000000000000000000e+00
1.779641914367675781e+01 8.040831565856933594e+00 0.000000000000000000e+00
1.779641914367675781e+01 8.040831565856933594e+00 0.000000000000000000e+00
3.000000000000000000e+01 0.000000000000000000e+00 0.000000000000000000e+00
1.837652969360351562e+01 8.303055763244628906e+00 0.000000000000000000e+00
1.837652969360351562e+01 8.303055763244628906e+00 0.000000000000000000e+00
3.000000000000000000e+01 0.000000000000000000e+00 0.000000000000000000e+00
1.893230056762695312e+01 8.613531112670898438e+00 0.000000000000000000e+00
1.893230056762695312e+01 8.613531112670898438e+00 0.000000000000000000e+00
3.000000000000000000e+01 0.000000000000000000e+00 0.000000000000000000e+00
1.945974922180175781e+01 8.970022201538085938e+00 0.000000000000000000e+00
1.945974922180175781e+01 8.970022201538085938e+00 0.000000000000000000e+00
3.000000000000000000e+01 0.000000000000000000e+00 0.000000000000000000e+00
1.995505905151367188e+01 9.369957923889160156e+00 0.000000000000000000e+00
1.995505905151367188e+01 9.369957923889160156e+00 0.000000000000000000e+00
3.000000000000000000e+01 0.000000000000000000e+00 0.000000000000000000e+00
2.041467094421386719e+01 9.810458183288574219e+00 0.000000000000000000e+00
2.041467094421386719e+01 9.810458183288574219e+00 0.000000000000000000e+00
3.000000000000000000e+01 0.000000000000000000e+00 0.000000000000000000e+00
2.083526992797851562e+01 1.028835010528564453e+01 0.000000000000000000e+00
2.083526992797851562e+01 1.028835010528564453e+01 0.000000000000000000e+00
3.000000000000000000e+01 0.000000000000000000e+00 0.000000000000000000e+00
2.121381950378417969e+01 1.080018997192382812e+01 0.000000000000000000e+00
2.121381950378417969e+01 1.080018997192382812e+01 0.000000000000000000e+00
3.000000000000000000e+01 0.000000000000000000e+00 0.000000000000000000e+00
2.154760932922363281e+01 1.134228992462158203e+01 0.000000000000000000e+00
2.154760932922363281e+01 1.134228992462158203e+01 0.000000000000000000e+00
3.000000000000000000e+01 0.000000000000000000e+00 0.000000000000000000e+00
2.183420944213867188e+01 1.191073989868164062e+01 0.000000000000000000e+00
2.183420944213867188e+01 1.191073989868164062e+01 0.000000000000000000e+00
3.000000000000000000e+01 0.000000000000000000e+00 0.000000000000000000e+00
2.207158088684082031e+01 1.250144958496093750e+01 0.000000000000000000e+00
2.207158088684082031e+01 1.250144958496093750e+01 0.000000000000000000e+00
3.000000000000000000e+01 0.000000000000000000e+00 0.000000000000000000e+00
2.225799942016601562e+01 1.311015987396240234e+01 0.000000000000000000e+00
2.225799942016601562e+01 1.311015987396240234e+01 0.000000000000000000e+00
3.000000000000000000e+01 0.000000000000000000e+00 0.000000000000000000e+00
2.239212036132812500e+01 1.373248958587646484e+01 0.000000000000000000e+00
2.239212036132812500e+01 1.373248958587646484e+01 0.000000000000000000e+00
3.000000000000000000e+01 0.000000000000000000e+00 0.000000000000000000e+00
2.247298049926757812e+01 1.436396026611328125e+01 0.000000000000000000e+00
